0 0.20312 0.32344 0.20156 0.32500 0.20156 0.33281 0.20000 0.33437 0.20000 0.33594 0.19844 0.33750 0.19844 0.34063 0.19687 0.34219 0.19687 0.34375 0.19531 0.34531 0.19531 0.34844 0.19375 0.35000 0.19375 0.35313 0.19219 0.35469 0.19219 0.35938 0.19062 0.36094 0.19062 0.36875 0.18906 0.37031 0.18906 0.38594 0.18750 0.38750 0.18750 0.39219 0.18906 0.39375 0.18906 0.39531 0.20000 0.39531 0.20156 0.39687 0.20156 0.40625 0.20312 0.40781 0.20156 0.40937 0.20156 0.41094 0.20312 0.41250 0.20312 0.41406 0.20469 0.41563 0.20469 0.39375 0.20625 0.39219 0.20625 0.38750 0.20469 0.38594 0.20469 0.32344
0 0.28906 0.35156 0.28906 0.35313 0.28281 0.35938 0.28125 0.35938 0.27500 0.36562 0.27344 0.36562 0.25625 0.38281 0.25625 0.38438 0.25156 0.38906 0.25156 0.39062 0.24844 0.39375 0.24844 0.39687 0.25000 0.39844 0.25781 0.39844 0.26094 0.39531 0.26094 0.39375 0.26250 0.39219 0.26250 0.39062 0.26406 0.38906 0.26562 0.38906 0.26719 0.38750 0.27187 0.38750 0.27344 0.38906 0.28594 0.38906 0.29063 0.39375 0.29063 0.42344 0.29219 0.42344 0.29375 0.42188 0.29219 0.42031 0.29219 0.41719 0.29375 0.41563 0.29219 0.41406 0.29219 0.35156
0 0.20312 0.32344 0.20156 0.32500 0.20156 0.33281 0.20000 0.33437 0.20000 0.33594 0.19844 0.33750 0.19844 0.34063 0.19687 0.34219 0.19687 0.34375 0.19531 0.34531 0.19531 0.34844 0.19375 0.35000 0.19375 0.35313 0.19219 0.35469 0.19219 0.35938 0.19062 0.36094 0.19062 0.36875 0.18906 0.37031 0.18906 0.38594 0.18750 0.38750 0.18750 0.39219 0.18906 0.39375 0.18906 0.39531 0.20000 0.39531 0.20156 0.39687 0.20156 0.40469 0.20312 0.40625 0.20312 0.40937 0.20156 0.41094 0.20312 0.41250 0.20312 0.41406 0.20469 0.41563 0.20469 0.39375 0.20625 0.39219 0.20625 0.38750 0.20469 0.38594 0.20469 0.32344
0 0.28906 0.35156 0.28906 0.35313 0.28281 0.35938 0.28125 0.35938 0.27500 0.36562 0.27344 0.36562 0.25625 0.38281 0.25625 0.38438 0.25156 0.38906 0.25156 0.39062 0.24844 0.39375 0.24844 0.39687 0.25000 0.39844 0.25781 0.39844 0.26094 0.39531 0.26094 0.39375 0.26250 0.39219 0.26250 0.39062 0.26406 0.38906 0.26562 0.38906 0.26719 0.38750 0.27187 0.38750 0.27344 0.38906 0.28594 0.38906 0.29063 0.39375 0.29063 0.42344 0.29219 0.42344 0.29375 0.42188 0.29219 0.42031 0.29219 0.41719 0.29375 0.41563 0.29219 0.41406 0.29219 0.35156
0 0.41094 0.37969 0.40781 0.38281 0.40625 0.38281 0.40469 0.38438 0.40313 0.38438 0.40156 0.38594 0.40000 0.38594 0.39844 0.38750 0.39687 0.38750 0.39531 0.38906 0.39375 0.38906 0.39219 0.39062 0.39062 0.39062 0.38906 0.39219 0.38750 0.39219 0.38594 0.39375 0.38438 0.39375 0.38281 0.39531 0.38125 0.39531 0.37812 0.39844 0.37656 0.39844 0.37656 0.40000 0.37344 0.40313 0.37344 0.41094 0.37500 0.41250 0.37969 0.41250 0.38125 0.41094 0.39375 0.41094 0.39531 0.40937 0.40469 0.40937 0.40625 0.41094 0.40937 0.41094 0.41094 0.41250 0.41094 0.42969 0.41250 0.43125 0.41094 0.43281 0.41094 0.43750 0.41250 0.43750 0.41250 0.40937 0.41406 0.40781 0.41406 0.39687 0.41250 0.39531 0.41250 0.38750 0.41406 0.38594 0.41406 0.38438 0.41250 0.38281 0.41250 0.37969
0 0.41094 0.37969 0.40781 0.38281 0.40625 0.38281 0.40313 0.38594 0.40000 0.38594 0.39844 0.38750 0.39687 0.38750 0.39531 0.38906 0.39375 0.38906 0.39219 0.39062 0.39062 0.39062 0.38906 0.39219 0.38750 0.39219 0.38594 0.39375 0.38438 0.39375 0.38281 0.39531 0.38125 0.39531 0.37344 0.40313 0.37344 0.41094 0.37500 0.41250 0.37969 0.41250 0.38125 0.41094 0.39062 0.41094 0.39219 0.40937 0.40781 0.40937 0.40937 0.41094 0.40937 0.41250 0.41094 0.41406 0.41094 0.43906 0.41406 0.43906 0.41406 0.38125 0.41250 0.37969
0 0.41094 0.37969 0.40781 0.38281 0.40625 0.38281 0.40469 0.38438 0.40313 0.38438 0.40156 0.38594 0.40000 0.38594 0.39844 0.38750 0.39687 0.38750 0.39531 0.38906 0.39375 0.38906 0.39219 0.39062 0.39062 0.39062 0.38906 0.39219 0.38750 0.39219 0.38594 0.39375 0.38438 0.39375 0.38281 0.39531 0.38125 0.39531 0.37812 0.39844 0.37656 0.39844 0.37656 0.40000 0.37344 0.40313 0.37344 0.41094 0.37500 0.41250 0.37969 0.41250 0.38125 0.41094 0.39375 0.41094 0.39531 0.40937 0.40625 0.40937 0.40781 0.41094 0.40937 0.41094 0.41094 0.41250 0.41094 0.43750 0.41250 0.43750 0.41250 0.42031 0.41406 0.41875 0.41250 0.41719 0.41250 0.41094 0.41406 0.40937 0.41406 0.39531 0.41250 0.39375 0.41250 0.38906 0.41406 0.38750 0.41406 0.38438 0.41250 0.38281 0.41250 0.37969
1 0.20312 0.32344 0.20156 0.32500 0.20156 0.33281 0.20000 0.33437 0.20000 0.33594 0.19844 0.33750 0.19844 0.34063 0.19687 0.34219 0.19687 0.34375 0.19531 0.34531 0.19531 0.34844 0.19375 0.35000 0.19375 0.35313 0.19219 0.35469 0.19219 0.35938 0.19062 0.36094 0.19062 0.36875 0.18906 0.37031 0.18906 0.38594 0.18750 0.38750 0.18750 0.39219 0.18906 0.39375 0.18906 0.39531 0.20000 0.39531 0.20156 0.39687 0.20156 0.41094 0.20312 0.41250 0.20312 0.41563 0.20469 0.41563 0.20469 0.39219 0.20625 0.39062 0.20625 0.38906 0.20469 0.38750 0.20469 0.32344
1 0.29063 0.35156 0.28281 0.35938 0.28125 0.35938 0.27656 0.36406 0.27500 0.36406 0.25625 0.38281 0.25625 0.38438 0.25156 0.38906 0.25156 0.39062 0.24844 0.39375 0.24844 0.39687 0.25000 0.39844 0.25781 0.39844 0.26094 0.39531 0.26094 0.39375 0.26250 0.39219 0.26250 0.39062 0.26406 0.38906 0.26562 0.38906 0.26719 0.38750 0.27187 0.38750 0.27344 0.38906 0.28594 0.38906 0.29063 0.39375 0.29063 0.42188 0.29219 0.42188 0.29219 0.35156
1 0.33125 0.04688 0.32969 0.04844 0.32344 0.04844 0.32188 0.05000 0.31719 0.05000 0.31562 0.05156 0.31094 0.05156 0.30938 0.05312 0.30781 0.05312 0.30625 0.05469 0.30625 0.06094 0.30781 0.06250 0.30781 0.08594 0.30625 0.08750 0.30625 0.41250 0.30469 0.41406 0.30469 0.55312 0.30625 0.55469 0.30625 0.58750 0.30938 0.59062 0.31250 0.59062 0.31406 0.58906 0.31406 0.35156 0.31250 0.35000 0.31250 0.07031 0.31406 0.06875 0.31406 0.06563 0.31719 0.06250 0.32031 0.06250 0.32188 0.06094 0.32344 0.06094 0.32500 0.05937 0.32969 0.05937 0.33125 0.05781 0.33594 0.05781 0.33750 0.05625 0.33906 0.05625 0.34063 0.05469 0.34063 0.05156 0.33594 0.04688
2 0.20312 0.32344 0.20156 0.32500 0.20156 0.33281 0.20000 0.33437 0.20000 0.33594 0.19844 0.33750 0.19844 0.33906 0.19687 0.34063 0.19687 0.34375 0.19531 0.34531 0.19531 0.34687 0.19375 0.34844 0.19375 0.35313 0.19219 0.35469 0.19219 0.35938 0.19062 0.36094 0.19062 0.36875 0.18906 0.37031 0.18906 0.38438 0.18750 0.38594 0.18750 0.39219 0.18906 0.39375 0.18906 0.39531 0.20000 0.39531 0.20156 0.39687 0.20156 0.39844 0.20312 0.40000 0.20312 0.41406 0.20469 0.41406 0.20469 0.39375 0.20625 0.39219 0.20625 0.38594 0.20469 0.38438 0.20469 0.35625 0.20625 0.35469 0.20625 0.34844 0.20469 0.34687 0.20469 0.32344
2 0.29063 0.35156 0.28281 0.35938 0.28125 0.35938 0.27656 0.36406 0.27500 0.36406 0.25625 0.38281 0.25625 0.38438 0.25156 0.38906 0.25156 0.39062 0.24844 0.39375 0.24844 0.39687 0.25000 0.39844 0.25781 0.39844 0.26094 0.39531 0.26094 0.39375 0.26250 0.39219 0.26250 0.39062 0.26406 0.38906 0.26562 0.38906 0.26719 0.38750 0.27187 0.38750 0.27344 0.38906 0.28594 0.38906 0.28750 0.39062 0.28906 0.39062 0.29063 0.39219 0.29063 0.40469 0.29063 0.39687 0.29219 0.39531 0.29219 0.35313
2 0.40937 0.38125 0.40781 0.38281 0.40625 0.38281 0.40469 0.38438 0.40313 0.38438 0.40156 0.38594 0.40000 0.38594 0.39844 0.38750 0.39687 0.38750 0.39531 0.38906 0.39375 0.38906 0.39219 0.39062 0.39062 0.39062 0.38906 0.39219 0.38750 0.39219 0.38594 0.39375 0.38438 0.39375 0.38281 0.39531 0.38125 0.39531 0.37812 0.39844 0.37656 0.39844 0.37656 0.40000 0.37344 0.40313 0.37344 0.41094 0.37500 0.41250 0.37969 0.41250 0.38125 0.41094 0.39219 0.41094 0.39375 0.40937 0.40469 0.40937 0.40625 0.41094 0.40781 0.41094 0.40937 0.40937 0.41094 0.40937 0.41094 0.40469 0.41250 0.40313 0.41250 0.38125
