0 0.81094 0.43125 0.81094 0.43281 0.80937 0.43438 0.80937 0.45000 0.80781 0.45156 0.80781 0.47031 0.80625 0.47187 0.80625 0.48906 0.80469 0.49062 0.80469 0.50625 0.80625 0.50781 0.80625 0.51094 0.80781 0.50938 0.81250 0.50938 0.81563 0.51250 0.81719 0.51250 0.81875 0.51406 0.81875 0.51562 0.82188 0.51875 0.82656 0.51875 0.82812 0.51719 0.82812 0.50469 0.82656 0.50313 0.82656 0.48750 0.82500 0.48594 0.82500 0.48281 0.82344 0.48125 0.82344 0.47187 0.82188 0.47031 0.82188 0.46094 0.82031 0.45937 0.82031 0.45156 0.81875 0.45000 0.81875 0.44688 0.81719 0.44531 0.81719 0.44219 0.81563 0.44062 0.81563 0.43750 0.81406 0.43594 0.81406 0.43438 0.81250 0.43281 0.81250 0.43125
0 0.92812 0.20312 0.92656 0.20469 0.92656 0.20625 0.92500 0.20781 0.92500 0.20938 0.92344 0.21094 0.92344 0.21563 0.92188 0.21719 0.92188 0.22344 0.92031 0.22500 0.92031 0.23125 0.91875 0.23281 0.91875 0.23750 0.91719 0.23906 0.91719 0.24375 0.91563 0.24531 0.91563 0.25000 0.92188 0.25625 0.92188 0.28281 0.92031 0.28437 0.92031 0.31406 0.92188 0.31406 0.92344 0.31562 0.92500 0.31562 0.92656 0.31719 0.92812 0.31719 0.93125 0.31406 0.93125 0.31250 0.93281 0.31094 0.93281 0.30938 0.94375 0.29844 0.94375 0.29375 0.94531 0.29219 0.94531 0.28750 0.94688 0.28594 0.94688 0.28125 0.94844 0.27969 0.94844 0.26875 0.94688 0.26719 0.94688 0.26094 0.94531 0.25938 0.94531 0.25312 0.94375 0.25156 0.94375 0.24688 0.94219 0.24531 0.94219 0.24063 0.94063 0.23906 0.94063 0.23438 0.93906 0.23281 0.93906 0.22812 0.93750 0.22656 0.93750 0.22344 0.93594 0.22187 0.93594 0.21563 0.93437 0.21406 0.93437 0.21094 0.93281 0.20938 0.93281 0.20625 0.93125 0.20469 0.93125 0.20312
0 0.15156 0.48438 0.15156 0.48906 0.15313 0.49062 0.15313 0.49219 0.15469 0.49375 0.15469 0.50781 0.15313 0.50938 0.15313 0.51875 0.15469 0.52031 0.15469 0.52656 0.15625 0.52812 0.15781 0.52812 0.15937 0.52969 0.17344 0.52969 0.17500 0.52812 0.17500 0.52656 0.17656 0.52500 0.17656 0.51562 0.17813 0.51406 0.17813 0.50781 0.17500 0.50469 0.17500 0.50313 0.17344 0.50313 0.16250 0.49219 0.16094 0.49219 0.15313 0.48438
0 0.31250 0.46563 0.31250 0.46875 0.31406 0.47031 0.31406 0.47187 0.31875 0.47656 0.31875 0.47813 0.32812 0.48750 0.32812 0.48906 0.32969 0.49062 0.32969 0.49219 0.33125 0.49375 0.33125 0.49531 0.33281 0.49688 0.33437 0.49688 0.33750 0.49375 0.33906 0.49375 0.34063 0.49219 0.34219 0.49219 0.34375 0.49375 0.35469 0.49375 0.35625 0.49531 0.36094 0.49531 0.36250 0.49375 0.35781 0.48906 0.35625 0.48906 0.35313 0.48594 0.35000 0.48594 0.34687 0.48281 0.34531 0.48281 0.34375 0.48125 0.34219 0.48125 0.34063 0.47969 0.33906 0.47969 0.33750 0.47813 0.33594 0.47813 0.33437 0.47656 0.33281 0.47656 0.33125 0.47500 0.32969 0.47500 0.32812 0.47344 0.32188 0.47344 0.31406 0.46563
0 0.03906 0.22812 0.03906 0.23438 0.04063 0.23594 0.04063 0.23906 0.04219 0.24063 0.04219 0.24219 0.04375 0.24375 0.04375 0.24688 0.04531 0.24844 0.04531 0.25000 0.04688 0.25156 0.04688 0.25312 0.04844 0.25469 0.04844 0.25781 0.05000 0.25938 0.05156 0.25938 0.05312 0.25781 0.05312 0.25000 0.05469 0.24844 0.05469 0.22812
0 0.08125 0.22500 0.07969 0.22656 0.07812 0.22656 0.07812 0.23438 0.07969 0.23594 0.07969 0.23906 0.08125 0.24063 0.08125 0.24531 0.08281 0.24688 0.08281 0.25000 0.08438 0.25156 0.08438 0.25312 0.08594 0.25469 0.08906 0.25469 0.08906 0.25156 0.09062 0.25000 0.09062 0.24219 0.09219 0.24063 0.09219 0.22656 0.09062 0.22500
0 0.32188 0.21563 0.32188 0.22500 0.32344 0.22656 0.32344 0.23438 0.32500 0.23594 0.32500 0.24063 0.32656 0.24219 0.32969 0.24219 0.32969 0.23906 0.33125 0.23750 0.33125 0.23281 0.33281 0.23125 0.33281 0.22656 0.33437 0.22500 0.33437 0.22187 0.33594 0.22031 0.33594 0.21719 0.33437 0.21563
0 0.17188 0.22187 0.17031 0.22344 0.16094 0.22344 0.16094 0.22812 0.16250 0.22969 0.16250 0.23281 0.16406 0.23438 0.16406 0.23750 0.16562 0.23906 0.16562 0.24375 0.16719 0.24531 0.16719 0.24688 0.16875 0.24844 0.16875 0.25000 0.17031 0.25000 0.17188 0.24844 0.17188 0.24688 0.17344 0.24531 0.17344 0.24063 0.17500 0.23906 0.17500 0.23281 0.17656 0.23125 0.17656 0.22344 0.17500 0.22344 0.17344 0.22187
0 0.44375 0.20938 0.44219 0.21094 0.44062 0.21094 0.44062 0.22031 0.44219 0.22187 0.44219 0.22812 0.44375 0.22969 0.44375 0.23438 0.44531 0.23594 0.44531 0.23750 0.44688 0.23750 0.44844 0.23594 0.44844 0.23281 0.45000 0.23125 0.45000 0.22812 0.45156 0.22656 0.45156 0.22344 0.45312 0.22187 0.45312 0.21875 0.45469 0.21719 0.45469 0.21094 0.45312 0.20938
0 0.74531 0.19219 0.74531 0.20000 0.74687 0.20156 0.74687 0.20625 0.74844 0.20781 0.74844 0.21094 0.75000 0.21250 0.75000 0.21406 0.75156 0.21563 0.75156 0.21719 0.75469 0.21719 0.75469 0.21250 0.75625 0.21094 0.75625 0.20625 0.75781 0.20469 0.75781 0.19219
0 0.71875 0.19375 0.71719 0.19531 0.71406 0.19531 0.71406 0.19844 0.71562 0.20000 0.71562 0.20156 0.71719 0.20312 0.71719 0.20625 0.71875 0.20781 0.71875 0.20938 0.72031 0.21094 0.72031 0.21250 0.72188 0.21406 0.72188 0.21563 0.72344 0.21719 0.72344 0.21875 0.72500 0.22031 0.72656 0.22031 0.72656 0.21719 0.72813 0.21563 0.72813 0.20000 0.72969 0.19844 0.72969 0.19687 0.72813 0.19531 0.72813 0.19375
0 0.80625 0.18906 0.80625 0.19375 0.80781 0.19531 0.80781 0.19844 0.80937 0.20000 0.80937 0.20312 0.81094 0.20469 0.81094 0.20781 0.81250 0.20938 0.81250 0.21094 0.81406 0.21250 0.81406 0.21406 0.81719 0.21406 0.81719 0.20938 0.81875 0.20781 0.81875 0.20000 0.82031 0.19844 0.82031 0.18906
0 0.84062 0.18594 0.83906 0.18750 0.83750 0.18750 0.83750 0.19062 0.83906 0.19219 0.83906 0.19531 0.84062 0.19687 0.84062 0.19844 0.84219 0.20000 0.84219 0.20156 0.84375 0.20312 0.84375 0.20625 0.84688 0.20938 0.84844 0.20938 0.84844 0.20469 0.85000 0.20312 0.85000 0.18750 0.84844 0.18594
0 0.65938 0.20000 0.65781 0.20156 0.65469 0.20156 0.65469 0.20312 0.65312 0.20469 0.65469 0.20625 0.65469 0.21406 0.65625 0.21563 0.65625 0.22031 0.65781 0.22187 0.65781 0.22500 0.65938 0.22656 0.66094 0.22656 0.66094 0.22500 0.66250 0.22344 0.66250 0.22031 0.66406 0.21875 0.66406 0.21563 0.66563 0.21406 0.66563 0.20156 0.66406 0.20156 0.66250 0.20000
0 0.20312 0.22031 0.20156 0.22187 0.19844 0.22187 0.19844 0.23438 0.20000 0.23594 0.20000 0.24219 0.20156 0.24375 0.20469 0.24375 0.20625 0.24219 0.20625 0.24063 0.20781 0.23906 0.20781 0.23594 0.20938 0.23438 0.20938 0.23125 0.21094 0.22969 0.21094 0.22500 0.21250 0.22344 0.21094 0.22187 0.20781 0.22187 0.20625 0.22031
0 0.62187 0.20156 0.62031 0.20312 0.61875 0.20312 0.61875 0.20625 0.62031 0.20781 0.62031 0.21094 0.62187 0.21250 0.62187 0.21875 0.62344 0.22031 0.62344 0.22344 0.62500 0.22500 0.62500 0.22656 0.62656 0.22812 0.62656 0.22969 0.62813 0.22969 0.62969 0.22812 0.62969 0.22187 0.63125 0.22031 0.63125 0.20938 0.63281 0.20781 0.63281 0.20312 0.63125 0.20312 0.62969 0.20156
0 0.55156 0.20469 0.55000 0.20625 0.55000 0.20938 0.55156 0.21094 0.55156 0.21719 0.55312 0.21875 0.55312 0.22344 0.55469 0.22500 0.55469 0.22656 0.55625 0.22812 0.55625 0.22969 0.55937 0.22656 0.55937 0.22344 0.56094 0.22187 0.56094 0.21875 0.56250 0.21719 0.56250 0.20469
0 0.28281 0.21719 0.28281 0.22187 0.28437 0.22344 0.28437 0.22500 0.28594 0.22656 0.28594 0.22812 0.28750 0.22969 0.28750 0.23125 0.28906 0.23281 0.28906 0.23438 0.29063 0.23594 0.29063 0.23750 0.29219 0.23906 0.29219 0.24063 0.29531 0.24063 0.29531 0.23125 0.29688 0.22969 0.29688 0.21719
0 0.40313 0.21250 0.40156 0.21406 0.40156 0.21719 0.40313 0.21875 0.40313 0.22187 0.40469 0.22344 0.40469 0.22656 0.40625 0.22812 0.40625 0.23125 0.40781 0.23281 0.40781 0.23438 0.40937 0.23594 0.40937 0.23750 0.41094 0.23906 0.41250 0.23906 0.41250 0.23750 0.41406 0.23594 0.41406 0.22656 0.41563 0.22500 0.41563 0.21875 0.41719 0.21719 0.41719 0.21250
0 0.86406 0.06094 0.86406 0.07812 0.86562 0.07969 0.86562 0.08594 0.86719 0.08750 0.86719 0.09688 0.86875 0.09844 0.86875 0.10156 0.87031 0.10312 0.87031 0.10781 0.87187 0.10938 0.87187 0.11406 0.87344 0.11563 0.87344 0.11875 0.87500 0.12031 0.87656 0.12031 0.87656 0.10000 0.87813 0.09844 0.87813 0.09531 0.87969 0.09375 0.87969 0.08594 0.87813 0.08438 0.87813 0.08281 0.87656 0.08125 0.87656 0.07969 0.87187 0.07500 0.87187 0.07344 0.87031 0.07187 0.87031 0.06719 0.86875 0.06563 0.86875 0.06406 0.86562 0.06094
0 0.51250 0.20625 0.51094 0.20781 0.51094 0.20938 0.51250 0.21094 0.51250 0.21406 0.51406 0.21563 0.51406 0.21875 0.51562 0.22031 0.51562 0.22344 0.51719 0.22500 0.51719 0.22812 0.51875 0.22969 0.51875 0.23125 0.52187 0.23438 0.52344 0.23281 0.52344 0.22344 0.52500 0.22187 0.52500 0.21563 0.52656 0.21406 0.52656 0.20781 0.52500 0.20625
0 0.47969 0.20781 0.47656 0.21094 0.47813 0.21250 0.47813 0.21719 0.47969 0.21875 0.47969 0.22187 0.48125 0.22344 0.48125 0.22812 0.48281 0.22969 0.48281 0.23281 0.48438 0.23438 0.48438 0.23594 0.48594 0.23750 0.48750 0.23750 0.48750 0.23594 0.48906 0.23438 0.48906 0.22812 0.49062 0.22656 0.49062 0.22031 0.49219 0.21875 0.49219 0.20938 0.49062 0.20781
0 0.36250 0.21406 0.35938 0.21719 0.35938 0.21875 0.36094 0.22031 0.36094 0.22500 0.36250 0.22656 0.36250 0.22969 0.36406 0.23125 0.36406 0.23438 0.36562 0.23594 0.36562 0.23750 0.36719 0.23906 0.36719 0.24063 0.36875 0.24063 0.37031 0.23906 0.37031 0.23750 0.37188 0.23594 0.37188 0.23281 0.37344 0.23125 0.37344 0.22500 0.37500 0.22344 0.37500 0.21563 0.37344 0.21406
0 0.25156 0.21875 0.25000 0.22031 0.24375 0.22031 0.24375 0.22187 0.24219 0.22344 0.24375 0.22500 0.24375 0.23125 0.24531 0.23281 0.24531 0.23750 0.24688 0.23906 0.24688 0.24063 0.24844 0.24219 0.24844 0.24375 0.25156 0.24688 0.25312 0.24531 0.25312 0.24219 0.25469 0.24063 0.25469 0.23750 0.25625 0.23594 0.25625 0.23125 0.25781 0.22969 0.25781 0.22500 0.25938 0.22344 0.25938 0.22031 0.25312 0.22031
1 0.92969 0.20156 0.92812 0.20312 0.92656 0.20312 0.92656 0.20469 0.92500 0.20625 0.92500 0.20938 0.92344 0.21094 0.92344 0.21406 0.92188 0.21563 0.92188 0.22344 0.92031 0.22500 0.92031 0.23125 0.91875 0.23281 0.91875 0.23594 0.91719 0.23750 0.91719 0.24375 0.91563 0.24531 0.91563 0.25000 0.92031 0.25469 0.92031 0.25625 0.92188 0.25781 0.92188 0.28281 0.92031 0.28437 0.92031 0.31406 0.92188 0.31562 0.92500 0.31562 0.92656 0.31719 0.92812 0.31719 0.93125 0.31406 0.93125 0.31250 0.93281 0.31094 0.93281 0.30938 0.94375 0.29844 0.94375 0.29375 0.94531 0.29219 0.94531 0.28750 0.94688 0.28594 0.94688 0.28281 0.94844 0.28125 0.94844 0.26875 0.94688 0.26719 0.94688 0.26094 0.94531 0.25938 0.94531 0.25312 0.94375 0.25156 0.94375 0.24688 0.94219 0.24531 0.94219 0.24063 0.94063 0.23906 0.94063 0.23281 0.93906 0.23125 0.93906 0.22812 0.93750 0.22656 0.93750 0.22187 0.93594 0.22031 0.93594 0.21563 0.93437 0.21406 0.93437 0.21094 0.93281 0.20938 0.93281 0.20469 0.93125 0.20312 0.93125 0.20156
1 0.81094 0.43125 0.80937 0.43281 0.80937 0.44844 0.80781 0.45000 0.80781 0.46719 0.80625 0.46875 0.80625 0.48594 0.80469 0.48750 0.80469 0.49688 0.80312 0.49844 0.80312 0.50156 0.80469 0.50313 0.80469 0.50781 0.80625 0.50938 0.80625 0.51250 0.80937 0.50938 0.81094 0.50938 0.81250 0.51094 0.81406 0.51094 0.82188 0.51875 0.82656 0.51875 0.82812 0.51719 0.82812 0.50313 0.82656 0.50156 0.82656 0.49531 0.82812 0.49375 0.82812 0.49219 0.82656 0.49062 0.82656 0.48594 0.82500 0.48438 0.82500 0.48125 0.82344 0.47969 0.82344 0.47031 0.82188 0.46875 0.82188 0.45937 0.82031 0.45781 0.82031 0.45156 0.81875 0.45000 0.81875 0.44688 0.81719 0.44531 0.81719 0.44219 0.81563 0.44062 0.81563 0.43750 0.81406 0.43594 0.81406 0.43438 0.81250 0.43281 0.81250 0.43125
